11398.17793
12020.60572
12411.85675
13151.72988
13232.55401
13235.63219
13336.31096
13506.72815
13627.13027
13797.09793
13991.90817
14042.61723
14232.23026
14493.79788
14676.89629
14725.94258
14767.19890
14775.65393
14803.16734
14823.03967
14945.06573
15056.37259
15148.68340
15176.65453
16029.12141
16283.14463
16314.19425
16534.25422
16546.25903
16640.57789
16706.11020
16730.12156
16805.41617
16854.47429
16857.43539
16957.51052
16958.94047
17030.87740
17034.39519
17109.32944
17158.28399
17194.19361
17198.21821
17304.85969
17378.59159
17419.51295
17596.93480
17642.71742
17684.94687
17961.64180
17964.58899
17980.32294
17998.64268
18047.52571
18099.99846
18199.57723
18358.95322
18389.61802